14000
14000
14000
14000
14000
14000
14000
15000
15000
15000
15000
15000
15000
15000
15000
16000
16000
16000
16000
16000
16000
16000
16000
17000
17000
17000
17000
17000
17000
17000
17000
17000
18000
18000
18000
18000
18000
18000
18000
18000
18000
18000
18000
19000
19000
19000
19000
19000
19000
19000
19000
19000
19000
19000
19000
20000
20000
20000
20000
20000
20000
20000
20000
20000
20000
20000
20000
20000
21000
21000
21000
21000
21000
21000
21000
21000
21000
21000
21000
21000
21000
21000
22000
22000
22000
22000
22000
22000
22000
22000
22000
22000
22000
22000
22000
22000
22000
22300
22300
22300
22300
22300
22300
22300
22300
22300
22300
22300
22300
22300
22300
22300
14000
14000
14000
14000
14000
14000
14000
14000
15000
15000
15000
15000
15000
15000
15000
15000
15000
16000
16000
16000
16000
16000
16000
16000
16000
16000
16000
17000
17000
17000
17000
17000
17000
17000
17000
17000
17000
17000
18000
18000
18000
18000
18000
18000
18000
18000
18000
18000
18000
18000
18000
19000
19000
19000
19000
19000
19000
19000
19000
19000
19000
19000
19000
19000
19000
20000
20000
20000
20000
20000
20000
20000
20000
20000
20000
20000
20000
20000
20000
20000
21000
21000
21000
21000
21000
21000
21000
21000
21000
21000
21000
21000
21000
21000
21000
21000
21000
22000
22000
22000
22000
22000
22000
22000
22000
22000
22000
22000
22000
22000
22000
22000
22000
22000
22000
22300
22300
22300
22300
22300
22300
22300
22300
22300
22300
22300
22300
22300
22300
22300
22300
22300
22300
14000
14000
14000
14000
14000
14000
14000
15000
15000
15000
15000
15000
15000
15000
15000
15000
16000
16000
16000
16000
16000
16000
16000
16000
16000
16000
17000
17000
17000
17000
17000
17000
17000
17000
17000
17000
17000
18000
18000
18000
18000
18000
18000
18000
18000
18000
18000
18000
18000
19000
19000
19000
19000
19000
19000
19000
19000
19000
19000
19000
19000
19000
20000
20000
20000
20000
20000
20000
20000
20000
20000
20000
20000
20000
20000
20000
20000
21000
21000
21000
21000
21000
21000
21000
21000
21000
21000
21000
21000
21000
21000
21000
22000
22000
22000
22000
22000
22000
22000
22000
22000
22000
22000
22000
22000
22000
22000
22000
22000
22300
22300
22300
22300
22300
22300
22300
22300
22300
22300
22300
22300
22300
22300
22300
22300
22300
14000
14000
14000
14000
14000
14000
14000
14000
15000
15000
15000
15000
15000
15000
15000
15000
15000
16000
16000
16000
16000
16000
16000
16000
16000
16000
16000
17000
17000
17000
17000
17000
17000
17000
17000
17000
17000
17000
18000
18000
18000
18000
18000
18000
18000
18000
18000
18000
18000
18000
19000
19000
19000
19000
19000
19000
19000
19000
19000
19000
19000
19000
19000
20000
20000
20000
20000
20000
20000
20000
20000
20000
20000
20000
20000
20000
20000
20000
21000
21000
21000
21000
21000
21000
21000
21000
21000
21000
21000
21000
21000
21000
21000
21000
21500
21500
21500
21500
21500
21500
21500
21500
21500
21500
21500
21500
21500
21500
21500
21500
21500
22000
22000
22000
22000
22000
22000
22000
22000
22000
22000
22000
22000
22000
22000
22000
22000
22000
22300
22300
22300
22300
22300
22300
22300
22300
22300
22300
22300
22300
22300
22300
22300
22300
22300

