55.25
54.625
54
52.75
50.25
47.75
44
59.62
59
57.75
56.5
54.3
51.8
47.8
44.5
64
63.37
62.75
60.25
59
56.5
53.37
49
68.38
67.7
67
66.5
64.6
62.75
59
55.25
50.25
74
73.9
73.4
72.75
71.5
70.25
68.4
65.9
61.5
57.75
52.75
80.25
80.2
79.6
79
77.75
76.6
75.25
72.75
69.6
66
71.4
55.25
86.6
86.5
86.3
86
84.8
84
82.7
80.3
77.8
74.8
70.25
65.25
59
94.2
94.1
94
93.2
92.75
91.5
90.25
89
87.75
84
80.7
76.5
69.8
62.75
102.75
102.65
101.8
101
101.25
99
97.75
95.7
94
91.5
87.75
83.2
77.75
71.5
64
104.8
104.7
104.5
104
103.2
102.4
100.8
99.8
97.8
95.25
92.75
88.1
84
71.5
63.2
67.5
67
66
65
62.5
60
57
54
72
71.5
71
70
68
66
62.5
59
56
77.5
77
76
75
74
72
69.5
66
62
58
83.5
83
82
81
80
78.5
77
73.5
70
66
61.5
89.5
89.3
89
88
87
86
84
82
79
75
71
66
60
97.5
97
96.5
95.5
94.5
94
92.5
90.5
88.5
85.5
82
77.5
72.5
66
105.5
105.3
105.1
104.5
103.5
102.5
101.5
100
98
96
93
89.5
84.2
79
73
114.5
114
113.5
113
112.5
112
110.5
109.5
108
106
104.5
102
98
92
89.5
82.5
75
124
123.8
123.5
123
122.5
122
121.5
119.5
118
116
114
111.5
108
104
99.5
93.5
86
76
127.5
127
126.5
126
125
124
123
122
120.5
118.5
116
113.5
110
106
101
94
87
78
77.5
76
74.5
72
69.5
66
62
82.5
82.2
82
80
78.5
75.5
72
68.5
64
89
88.5
87.5
86.5
85
82.5
79
76
70.5
65
95.2
95
94.5
93.5
92
90.5
88
85
80
75
69
103
102.8
102
101.5
100
98.5
96.5
94
90
85
80
72
111.8
111.5
111
110
109
107.5
106
104
100.5
96
91
85
78
121
120.5
120
119.5
118.5
117.5
116
114
112
109
104
99
93
86
76
131
130.5
130
129.5
128.5
127
125.5
123
121.5
118
114
109
102.5
95
84
142.5
142
141.5
141
140
139
138
136.5
134.5
132
129
125
120
114
107
98
84
146
145.5
145
144
143
142
141
139
137.5
134.5
131
127
121
115
108
99
80
80.5
80
79
78
75
72
68.5
64.5
86.5
86
85
83
81.5
79
75
71
66.5
92.5
92
91
90
88
84
82.5
79
74.5
70
100
99.5
98.5
97.5
96
94.5
92
88
84
78.5
73.5
108
107.5
107
106
104.5
103
101
98.5
94.5
90
84
77.5
116.5
116
115.7
114.5
114
112
110.5
109
106
102
96
91
84
126.5
126
125.5
125
124
122.5
121.5
119.5
117.5
114
110
105.5
100
93
84
137.7
137.5
137
136.5
135.5
134.5
133
132
129.5
127
124
121
115
110
104
96
144.1
144
143.9
143.5
142.5
141
139
137.5
135
133
129.5
125
121
116
110
104
95
149
148.5
148
147.5
147
146
144.5
143
141
139
136
132
127.5
122
116
108
96
152.5
152.2
152
151
150.5
149
147.5
146
144
142
138
134
130
124
117
108
96
