0.46
0.48
0.52
0.56
0.6
0.64
0.68
0.49
0.52
0.56
0.6
0.64
0.68
0.72
0.76
0.53
0.56
0.6
0.64
0.68
0.72
0.76
0.8
0.56
0.6
0.64
0.68
0.72
0.76
0.8
0.84
0.88
0.58
0.6
0.64
0.68
0.72
0.76
0.8
0.84
0.88
0.92
0.96
0.62
0.64
0.68
0.72
0.76
0.8
0.84
0.88
0.92
0.96
1
1.04
0.66
0.68
0.72
0.76
0.8
0.84
0.88
0.92
0.96
1
1.04
1.08
1.12
0.7
0.72
0.76
0.8
0.84
0.88
0.92
0.96
1
1.04
1.08
1.12
1.16
1.2
0.77
0.8
0.84
0.88
0.92
0.96
1
1.04
1.08
1.12
1.16
1.2
1.24
1.28
1.32
0.79
0.8
0.84
0.88
0.92
0.96
1
1.04
1.08
1.12
1.16
1.2
1.24
1.28
1.32
0.56
0.59
0.63
0.67
0.71
0.75
0.79
0.83
0.6
0.63
0.67
0.71
0.75
0.79
0.83
0.87
0.91
0.64
0.67
0.71
0.75
0.79
0.83
0.87
0.91
0.95
0.99
0.68
0.71
0.75
0.79
0.83
0.87
0.91
0.95
0.99
1.03
1.07
0.72
0.75
0.79
0.83
0.87
0.91
0.95
0.99
1.03
1.07
1.11
1.15
1.19
0.76
0.79
0.83
0.87
0.91
0.95
0.99
1.03
1.07
1.11
1.15
1.19
1.23
1.27
0.8
0.83
0.87
0.91
0.95
0.99
1.03
1.07
1.11
1.15
1.19
1.23
1.27
1.31
1.35
0.85
0.87
0.91
0.95
0.99
1.03
1.07
1.11
1.15
1.19
1.23
1.27
1.31
1.35
1.39
1.43
1.47
0.93
0.95
0.99
1.03
1.07
1.11
1.15
1.19
1.23
1.27
1.31
1.35
1.39
1.43
1.47
1.51
1.55
1.59
0.95
0.99
1.03
1.07
1.11
1.15
1.19
1.23
1.27
1.31
1.35
1.39
1.43
1.47
1.51
1.55
1.59
1.63
0.65
0.7
0.75
0.8
0.85
0.9
0.95
0.69
0.7
0.75
0.8
0.85
0.9
0.95
1
1.05
0.73
0.75
0.8
0.85
0.9
0.95
1
1.05
1.1
1.15
0.78
0.8
0.85
0.9
0.95
1
1.05
1.1
1.15
1.2
1.25
0.82
0.85
0.9
0.95
1
1.05
1.1
1.15
1.2
1.25
1.3
1.35
0.875
0.9
0.95
1
1.05
1.1
1.15
1.2
1.25
1.3
1.35
1.4
1.45
0.925
0.95
1
1.05
1.1
1.15
1.2
1.25
1.3
1.35
1.4
1.45
1.5
1.55
1.6
1
1.05
1.1
1.15
1.2
1.25
1.3
1.35
1.4
1.45
1.5
1.55
1.6
1.65
1.7
1.075
1.1
1.15
1.2
1.25
1.3
1.35
1.4
1.45
1.5
1.55
1.6
1.65
1.7
1.75
1.8
1.85
1.1
1.15
1.2
1.25
1.3
1.35
1.4
1.45
1.5
1.55
1.6
1.65
1.7
1.75
1.8
1.85
1.9
0.675
0.7
0.75
0.8
0.85
0.9
0.95
1
0.72
0.75
0.8
0.85
0.9
0.95
1
1.05
1.1
0.76
0.8
0.85
0.9
0.95
1
1.05
1.1
1.15
1.2
0.82
0.85
0.9
0.95
1
1.05
1.1
1.15
1.2
1.25
1.3
0.86
0.9
0.95
1
1.05
1.1
1.15
1.2
1.25
1.3
1.35
1.4
0.91
0.95
1
1.05
1.1
1.15
1.2
1.25
1.3
1.35
1.4
1.45
1.5
0.96
1
1.05
1.1
1.15
1.2
1.25
1.3
1.35
1.4
1.45
1.5
1.55
1.6
1.65
1.04
1.05
1.1
1.15
1.2
1.25
1.3
1.35
1.4
1.45
1.5
1.55
1.6
1.65
1.7
1.75
1.09
1.1
1.15
1.2
1.25
1.3
1.35
1.4
1.45
1.5
1.55
1.6
1.65
1.7
1.75
1.8
1.85
1.125
1.15
1.2
1.25
1.3
1.35
1.4
1.45
1.5
1.55
1.6
1.65
1.7
1.75
1.8
1.85
1.9
1.15
1.2
1.25
1.3
1.35
1.4
1.45
1.5
1.55
1.6
1.65
1.7
1.75
1.8
1.85
1.9
1.95
